65.0
69.3
73.1
66.8
69.8
69.7
70.2
69.5
74.8
67.6
64.5
62.8
63.5
68.8
69.3
73.9
74.6
67.9
67.1
64.4
66.1
69.9
73.0
74.2
73.3
67.7
68.7
64.2
61.4
59.9
58.0
57.5
60.5
63.4
62.0
64.5
64.8
67.3
60.8
52.5
46.2
46.2
44.5
47.2
50.1
54.3
59.1
59.3
57.0
61.0
63.1
52.9
48.4
45.5
43.6
42.1
43.0
42.0
43.3
43.5
47.9
47.9
47.8
48.9
47.7
44.9
40.9
41.8
41.5
42.0
42.2
43.4
44.0
47.0
41.9
41.7
41.7
43.9
44.1
47.6
48.4
45.0
43.5
46.9
41.5
40.4
37.0
34.1
49.8
49.9
41.9
36.2
31.8
37.2
40.2
44.9
44.8
49.5
41.6
38.9
35.1
40.4
45.8
48.7
46.7
41.4
41.9
30.9
29.4
33.3
35.4
37.4
34.2
30.2
28.9
29.6
29.6
34.8
33.9
34.1
28.0
22.5
24.2
35.0
35.6
35.8
37.9
37.3
34.2
25.4
23.6
33.3
25.4
23.7
20.1
27.7
18.5
10.0
4.3
4.2
16.8
26.5
26.7
27.4
31.6
32.7
28.3
28.2
14.7
0.1
-7.8
6.5
13.1
12.3
15.0
12.0
14.3
4.7
12.2
21.8